# Servo Values

#Leg 1
;23, -118,  123, -10, 80;
;22,  239, -239, -90, 90;
;21, -178,  233, -90, 90;

#Leg 2
;19, -120,  89, -45, 45;
;18,  225, -231, -90, 90;
;17, -248, 167, -90, 90;

#Leg 3
;14, -131,  70, -10, 80;
;13, 244,-235, -90, 90;
;12,-214, 212, -90, 90;

#Leg 4
;11, 99, -124,  -10, 80;
;10,-241, 247,  -90, 90;
; 9, 243, -200, -90, 90;

#Leg 5
; 6, 168, -19, -45, 45;
; 5,-234, 223, -90, 90;
; 4, 220,-189, -90, 90;

#Leg 6
; 2, 96, -114, -10, 80;
; 1,-242, 209, -90, 90;
; 0, 230,-200, -90, 90;
