;23, -112,  100,  -10,   80;
;22,  240, -213,  -90,   90;
;21, -178,  238,  -90,   90;

;19, -102,   98,  -45,   45;
;18,  230, -218,  -90,   90;
;17, -255,  161,  -90,   90;

;14, -125,   80,  -80,   10;
;13,  245, -230,  -90,   90;
;12, -245,  216,  -90,   90;

;11,   95, -122,  -80,   10;
;10, -210,  247,  -90,   90;
; 9,  242, -199,  -90,   90;

; 6,  -24,  162,  -45,   45;
; 5, -248,  280,  -90,   90;
; 4,  222, -211,  -90,   90;

; 2,   95, -113,  -10,   80;
; 1, -247,  205,  -90,   90;
; 0,  229, -182,  -90,   90;

